function d2amaxCLVFdp2 = hess_p_amaxCLVF_quad(alpha,b,ka,kc,wmax)
%HESS_P_AMAXCLVF_QUAD
%    D2AMAXCLVFDP2 = HESS_P_AMAXCLVF_QUAD(ALPHA,B,KA,KC,WMAX)

%    This function was generated by the Symbolic Math Toolbox version 8.5.
%    25-Mar-2021 22:02:05

t2 = alpha.^2;
t3 = alpha.^3;
t4 = b.^2;
t5 = b.^3;
t6 = ka.^2;
t7 = ka.^3;
t9 = ka.^5;
t11 = kc.^2;
t14 = wmax.^2;
t15 = 1.0./alpha;
t18 = 1.0./b;
t22 = sqrt(3.0);
t8 = t6.^2;
t10 = t6.^3;
t12 = t11.^2;
t13 = t11.^3;
t16 = 1.0./t2;
t17 = 1.0./t3;
t19 = 1.0./t4;
t20 = 1.0./t5;
t21 = t18.^5;
t23 = t6.*t15;
t25 = ka.*t22.*wmax.*(2.0./9.0);
t26 = t6.*t11.*1.03923e+5;
t27 = alpha.*b.*t6.*t14.*4.0e+4;
t28 = t2.*t11.*t14.*3.0792e+4;
t30 = b.*t7.*t22.*wmax.*3.0e+4;
t32 = t11.*t18.*7.698e-1;
t33 = alpha.*ka.*t11.*t22.*wmax.*6.9282e+4;
t42 = alpha.*t5.*t9.*t22.*wmax.*7.5e+11;
t44 = t3.*t4.*t6.*t11.*t14.*7.698e+11;
t45 = t2.*t4.*t7.*t11.*t22.*wmax.*1.1547e+12;
t24 = t23./2.0;
t29 = -t27;
t31 = -t30;
t34 = t5.*t10.*4.21875e+12;
t35 = t3.*t13.*1.539598564323e+12;
t36 = b.*t2.*t6.*t12.*5.999994405e+12;
t38 = alpha.*t4.*t8.*t11.*9.0932625e+12;
t39 = t2.*t5.*t8.*t14.*5.0e+11;
t40 = t23+t32;
t37 = t24+t25;
t43 = t40.^2;
t48 = t26+t28+t29+t31+t33;
t52 = t34+t35+t36+t38+t39+t42+t44+t45;
t41 = t37.^2;
t46 = t41+t43;
t47 = 1.0./t46.^(3.0./2.0);
t49 = ka.*kc.*t16.*t19.*t47.*t48.*5.702222222222222e-6;
t51 = ka.*t11.*t16.*t20.*t47.*t48.*2.851111111111111e-6;
t53 = kc.*t17.*t21.*t47.*t52.*4.561777777777778e-13;
t50 = -t49;
t54 = -t53;
d2amaxCLVFdp2 = reshape([t11.*t17.*t19.^3.*t47.*(t34+t35+t36+t39+t42+alpha.*t4.*t8.*t11.*8.768503125e+12+t3.*t4.*t6.*t11.*t14.*5.7735e+11+t2.*t4.*t7.*t11.*t22.*wmax.*8.66025e+11).*4.561777777777778e-13,t54,t51,t54,t17.*t19.^2.*t47.*(t34+t35+t36+t39+t42+alpha.*t4.*t8.*t11.*9.74278125e+12+t3.*t4.*t6.*t11.*t14.*1.1547e+12+t2.*t4.*t7.*t11.*t22.*wmax.*1.73205e+12).*4.561777777777778e-13,t50,t51,t50,(t16.^2.*t20.*t47.*(t5.*t10.*4.74609375e+13+t3.*t13.*1.3856387078907e+13+alpha.*t4.*t8.*t11.*8.768503125e+13+b.*t2.*t6.*t12.*6.749993705625e+13+t2.*t5.*t8.*t14.*1.0125e+13+b.*t12.*t14.*1.0./t16.^2.*1.33333209e+12+t3.*t5.*t7.*t22.*wmax.^3.*5.0e+11+alpha.*t5.*t9.*t22.*wmax.*1.265625e+13+b.*ka.*t3.*t12.*t22.*wmax.*5.999994405e+12+t2.*t4.*t7.*t11.*t22.*wmax.*5.19615e+12))./1.51875e+13],[3,3]);
